{
 "cells": [
  {
   "cell_type": "markdown",
   "metadata": {},
   "source": [
    "# 平行多导线系统参数计算函数(Carson简化法计算zii 考虑集肤效应）\n",
    "\n",
    "文件名： conductors_calc_para(r').pynb\n",
    "日期： 2019.02.10\n",
    "编写人： 朱明"
   ]
  },
  {
   "cell_type": "markdown",
   "metadata": {},
   "source": [
    " ## 多导线原始参数\n",
    " \n",
    " **牵引网导线架设横截面示意图**\n",
    "\n",
    "  ![%E5%A4%8D%E7%BA%BFAT%E5%AF%BC%E7%BA%BF%E7%A9%BA%E9%97%B4%E5%88%86%E5%B8%83%E5%9B%BE.vsd.jpg](attachment:%E5%A4%8D%E7%BA%BFAT%E5%AF%BC%E7%BA%BF%E7%A9%BA%E9%97%B4%E5%88%86%E5%B8%83%E5%9B%BE.vsd.jpg)   \n",
    "\n",
    "\n",
    "\n",
    "\n",
    "** 导线编号：**\n",
    " \n",
    "|导线号 | 导线代码 | 导线名称 |\n",
    "|:---|:---|:---|\n",
    "|01|CW1|接触导线1|\n",
    "|02|MW1|承力索1|\n",
    "|03|PF1|正馈线1|\n",
    "|04|RA1|钢轨1|\n",
    "|05|RA2|钢轨2|\n",
    "|06|PW1|保护线1|\n",
    "|07|E1|综合地线1|\n",
    "|08|CW2|接触导线2|\n",
    "|09|MW2|承力索2|\n",
    "|10|PF2|正馈线2|\n",
    "|11|RA3|钢轨3|\n",
    "|12|RA4|钢轨4|\n",
    "|13|PW2|保护线2|\n",
    "|14|E2|综合地线2|\n",
    "  \n",
    " \n",
    "\n",
    "\n",
    "** 导线架设截面坐标：**\n",
    "\n",
    "conductors_coordinater=0.001*np.array([[0,6300],[0,7500],[-4400,8500],[-755,1000],[755,1000],[-3600,8000],[-4400,500],\n",
    "                                 [5000,6300],[5000,7500],[4400+5000,8500],[4245,1000],[5755,1000],[3600+5000,8000],\n",
    "                                 [4400+5000,500]],np.float64)  # 多导体坐标数组 (x,y),单位 m\n",
    "\n",
    "** 导线计算半径：**\n",
    "conductors_calc_radius=0.001*np.array([5.9,7.00,9.5,109.1,109.1,7.60,5.35,5.9,7.00,9.5,109.1,109.1,7.60,5.35])\n",
    "                                    #多导体计算半径，单位 m， 计算电位系数用\n",
    "** 导线等效半径：**\n",
    "conductors_equivalent_radius=0.001*np.array([6.18,4.74,9.03,49.65,49.65,7.22,4.055,6.18,4.74,9.03,49.65,49.65,7.22,4.055])\n",
    "                                    #多导体等效半径,单位m, 计算自电感用\n",
    "** 导线直流电阻：**\n",
    "conductors_resistance=np.array([0.146,0.158,0.163,0.135,0.135,0.255,0.28,0.146,0.158,0.163,0.135,0.135,0.255,0.28])\n",
    "                                    #多导体直流电阻，单位 欧/km\n",
    "                                    \n",
    "  ** 导线电阻率：**\n",
    "conductors_rho=10E-10*np.array([172.41,0.185,0.29731,2.1121,2.1121,0.029667,0.19264,172.41,0.185,0.29731,2.1121,2.1121,0.029667,0.19264])\n",
    "{原始参数在软件开发前期用数组形式给出，在后阶段以数据文件的形式存储，通过读取数据生成变量。}"
   ]
  },
  {
   "cell_type": "code",
   "execution_count": 35,
   "metadata": {},
   "outputs": [
    {
     "data": {
      "text/plain": [
       "(array([[ 0.   ,  6.3  ],\n",
       "        [ 0.   ,  7.5  ],\n",
       "        [-4.4  ,  8.5  ],\n",
       "        [-0.755,  1.   ],\n",
       "        [ 0.755,  1.   ],\n",
       "        [-3.6  ,  8.   ],\n",
       "        [-4.4  ,  0.5  ],\n",
       "        [ 5.   ,  6.3  ],\n",
       "        [ 5.   ,  7.5  ],\n",
       "        [ 9.4  ,  8.5  ],\n",
       "        [ 4.245,  1.   ],\n",
       "        [ 5.755,  1.   ],\n",
       "        [ 8.6  ,  8.   ],\n",
       "        [ 9.4  ,  0.5  ]]),\n",
       " array([0.0059, 0.007 , 0.0095, 0.1091, 0.1091, 0.0076, 0.0053, 0.0059, 0.007 , 0.0095, 0.1091, 0.1091, 0.0076, 0.0053]),\n",
       " array([0.0062, 0.0047, 0.009 , 0.0496, 0.0496, 0.0072, 0.0041, 0.0062, 0.0047, 0.009 , 0.0496, 0.0496, 0.0072, 0.0041]),\n",
       " array([0.146, 0.158, 0.163, 0.135, 0.135, 0.255, 0.28 , 0.146, 0.158, 0.163, 0.135, 0.135, 0.255, 0.28 ]),\n",
       " array([0., 0., 0., 0., 0., 0., 0., 0., 0., 0., 0., 0., 0., 0.]))"
      ]
     },
     "execution_count": 35,
     "metadata": {},
     "output_type": "execute_result"
    }
   ],
   "source": [
    "import numpy as np\n",
    "from scipy import linalg\n",
    "from scipy import constants as C\n",
    "from scipy import special\n",
    "\n",
    "#导线定义\n",
    "\n",
    "\"\"\"\n",
    "1. 接触线（CW1）; 2.承力索（MW1）; 3.正馈线（PF1）; 4.钢轨1（RA1）;5.钢轨2（RA2）;6.保护线（PW1）;7.综合地线（E1）\n",
    "8. 接触线（CW2）; 9.承力索（MW2）; 10.正馈线（PF2）; 11.钢轨3（RA3）;12.钢轨4（RA4）;13.保护线（PW2）;14.综合地线（E2）\n",
    "\n",
    "\"\"\"\n",
    "conductors_coordinater=0.001*np.array([[0,6300],[0,7500],[-4400,8500],[-755,1000],[755,1000],[-3600,8000],[-4400,500],\n",
    "                                 [5000,6300],[5000,7500],[4400+5000,8500],[4245,1000],[5755,1000],[3600+5000,8000],\n",
    "                                 [4400+5000,500]],np.float64)  # 多导体坐标数组 (x,y),单位 m\n",
    "\n",
    "conductors_calc_radius=0.001*np.array([5.9,7.00,9.5,109.1,109.1,7.60,5.35,5.9,7.00,9.5,109.1,109.1,7.60,5.35])\n",
    "                                    #多导体计算半径，单位 m， 计算电位系数用\n",
    "\n",
    "conductors_equivalent_radius=0.001*np.array([6.18,4.74,9.03,49.65,49.65,7.22,4.055,6.18,4.74,9.03,49.65,49.65,7.22,4.055])\n",
    "                                    #多导体等效半径,单位m, 计算自电感用\n",
    "\n",
    "\n",
    "conductors_resistance=np.array([0.146,0.158,0.163,0.135,0.135,0.255,0.28,0.146,0.158,0.163,0.135,0.135,0.255,0.28])\n",
    "                                    #多导体直流电阻，单位 欧/km\n",
    "conductors_rho=10**-10*np.array([172.41,0.185,0.29731,2.1121,2.1121,0.029667,0.19264,172.41,0.185,0.29731,2.1121,2.1121,0.029667,0.19264])\n",
    "conductors_coordinater,conductors_calc_radius,conductors_equivalent_radius,conductors_resistance,conductors_rho"
   ]
  },
  {
   "cell_type": "markdown",
   "metadata": {},
   "source": [
    "## 电位系数矩阵计算\n",
    "  **函数名：  calc_potential_coefficient(c_xy,r)** \n",
    "  \n",
    " * parameters:    \n",
    "       1. c_xy:  2×n维数组，多导线的坐标（x,y）,单位m;  \n",
    "       2. r:     1×n维数组，导线的半径,单位 m  \n",
    " * Return:\n",
    "       1. P:     n×n维数组，电位系数   \n",
    " * 功能：        计算多导体的电位系数矩阵P。 \n",
    " \n",
    "  计算公式：  \n",
    "  \n",
    "   $$ P_{ii}=\\frac{1}{2\\pi\\epsilon}ln\\frac{2h_{i}}{r_i}=18 ×10^9ln\\frac{2h_{i}}{r_i}$$\n",
    "   \n",
    "   $$ P_{ij}=\\frac{1}{2\\pi\\epsilon}ln\\frac{D_{ij}}{d_{ij}}=18 ×10^9ln\\frac{D_{ij}}{d_{ij}}  ~~~~ (i≠j) $$\n",
    "   \n",
    "   \n",
    "   \n",
    "  ![ 导体镜像截面图](/AT_calc/images/conductors_section.png \"\")\n",
    "  \n",
    "  ![conductors_section.png](attachment:conductors_section.png)\n",
    "  "
   ]
  },
  {
   "cell_type": "code",
   "execution_count": 36,
   "metadata": {},
   "outputs": [
    {
     "name": "stdout",
     "output_type": "stream",
     "text": [
      "[[1.3716e+11 4.3962e+10 2.0588e+10 5.6780e+09 5.6780e+09 2.3569e+10 1.9196e+09 1.7953e+10 1.8880e+10 1.0741e+10 3.9241e+09 3.1031e+09 1.1586e+10 8.8458e+08]\n",
      " [4.3962e+10 1.4508e+11 2.3441e+10 4.7789e+09 4.7789e+09 2.6579e+10 1.7854e+09 1.8880e+10 2.0723e+10 1.2141e+10 3.6357e+09 3.0156e+09 1.2988e+10 9.3277e+08]\n",
      " [2.0588e+10 2.3441e+10 1.3573e+11 3.5827e+09 3.0956e+09 5.1530e+10 2.1201e+09 1.0741e+10 1.2141e+10 8.3095e+09 2.0769e+09 1.7404e+09 8.6241e+09 5.8208e+08]\n",
      " [5.6780e+09 4.7789e+09 3.5827e+09 6.6526e+10 9.1185e+09 4.0049e+09 1.2403e+09 3.1031e+09 3.0156e+09 1.7404e+09 1.3358e+09 8.1172e+08 1.8953e+09 1.7246e+08]\n",
      " [5.6780e+09 4.7789e+09 3.0956e+09 9.1185e+09 6.6526e+10 3.4724e+09 6.4720e+08 3.9241e+09 3.6357e+09 2.0769e+09 2.5558e+09 1.3358e+09 2.2881e+09 2.3690e+08]\n",
      " [2.3569e+10 2.6579e+10 5.1530e+10 4.0049e+09 3.4724e+09 1.3866e+11 2.2305e+09 1.1586e+10 1.2988e+10 8.6241e+09 2.2881e+09 1.8953e+09 9.0056e+09 6.1761e+08]\n",
      " [1.9196e+09 1.7854e+09 2.1201e+09 1.2403e+09 6.4720e+08 2.2305e+09 9.9140e+10 8.8458e+08 9.3277e+08 5.8208e+08 2.3690e+08 1.7246e+08 6.1761e+08 4.7135e+07]\n",
      " [1.7953e+10 1.8880e+10 1.0741e+10 3.1031e+09 3.9241e+09 1.1586e+10 8.8458e+08 1.3716e+11 4.3962e+10 2.0588e+10 5.6780e+09 5.6780e+09 2.3569e+10 1.9196e+09]\n",
      " [1.8880e+10 2.0723e+10 1.2141e+10 3.0156e+09 3.6357e+09 1.2988e+10 9.3277e+08 4.3962e+10 1.4508e+11 2.3441e+10 4.7789e+09 4.7789e+09 2.6579e+10 1.7854e+09]\n",
      " [1.0741e+10 1.2141e+10 8.3095e+09 1.7404e+09 2.0769e+09 8.6241e+09 5.8208e+08 2.0588e+10 2.3441e+10 1.3573e+11 3.0956e+09 3.5827e+09 5.1530e+10 2.1201e+09]\n",
      " [3.9241e+09 3.6357e+09 2.0769e+09 1.3358e+09 2.5558e+09 2.2881e+09 2.3690e+08 5.6780e+09 4.7789e+09 3.0956e+09 6.6526e+10 9.1185e+09 3.4724e+09 6.4720e+08]\n",
      " [3.1031e+09 3.0156e+09 1.7404e+09 8.1172e+08 1.3358e+09 1.8953e+09 1.7246e+08 5.6780e+09 4.7789e+09 3.5827e+09 9.1185e+09 6.6526e+10 4.0049e+09 1.2403e+09]\n",
      " [1.1586e+10 1.2988e+10 8.6241e+09 1.8953e+09 2.2881e+09 9.0056e+09 6.1761e+08 2.3569e+10 2.6579e+10 5.1530e+10 3.4724e+09 4.0049e+09 1.3866e+11 2.2305e+09]\n",
      " [8.8458e+08 9.3277e+08 5.8208e+08 1.7246e+08 2.3690e+08 6.1761e+08 4.7135e+07 1.9196e+09 1.7854e+09 2.1201e+09 6.4720e+08 1.2403e+09 2.2305e+09 9.9140e+10]]\n"
     ]
    }
   ],
   "source": [
    "def calc_potential_coefficient(c_xy,r):\n",
    "    \"\"\" 计算电位系数矩阵P\n",
    "    \"\"\"\n",
    "  #  epsilon0=1/(36*np.pi)*10**-9         #空气介电系数\n",
    "   # c_xy=conductors_coordinater          # 多导体坐标数组 (x,y),单位 m\n",
    "   # R=conductors_calc_radius             #多导体计算半径，单位 m， 计算电位系数用\n",
    "    n=np.shape(c_xy)[0]\n",
    "    P=np.empty((n,n),np.float64)\n",
    "    for i in range(n):\n",
    "        for j in range(n):\n",
    "            if i==j:\n",
    "                P[i,i]=18*10**+9*np.log(2*c_xy[i,1]/r[i])\n",
    "            else:\n",
    "                Dij=np.sqrt((c_xy[i,0]-c_xy[j,0])**2+(c_xy[i,1]+c_xy[j,1])**2)\n",
    "                dij=np.sqrt((c_xy[i,0]-c_xy[j,0])**2+(c_xy[i,1]-c_xy[j,1])**2)\n",
    "                P[i,j]=18*10**+9*np.log(Dij/dij)\n",
    "    return P\n",
    "r=conductors_equivalent_radius\n",
    "c_xy=conductors_coordinater\n",
    "P=calc_potential_coefficient(c_xy,r)\n",
    "print(P)"
   ]
  },
  {
   "cell_type": "code",
   "execution_count": 37,
   "metadata": {},
   "outputs": [
    {
     "name": "stdout",
     "output_type": "stream",
     "text": [
      "Y矩阵(×e-12) : \n",
      " [[0.+2627.4068j 0. -671.1644j 0. -161.5272j 0. -119.7393j 0. -117.3136j 0. -217.2154j 0.  -24.6683j 0. -147.6189j 0. -140.9898j 0.  -50.4619j 0.  -65.2938j 0.  -40.0215j 0.  -55.0866j 0.   -5.6837j]\n",
      " [0. -671.1644j 0.+2506.0912j 0. -196.5406j 0.  -68.6925j 0.  -67.0746j 0. -252.9689j 0.  -17.2208j 0. -140.9898j 0. -160.3445j 0.  -64.5102j 0.  -44.2292j 0.  -30.4852j 0.  -67.1388j 0.   -5.3948j]\n",
      " [0. -161.5272j 0. -196.5406j 0.+2746.6057j 0.  -50.466j  0.  -33.7568j 0. -936.926j  0.  -28.5263j 0.  -50.4619j 0.  -64.5102j 0.  -42.6014j 0.  -16.2777j 0.  -11.4769j 0.  -39.1386j 0.   -2.6369j]\n",
      " [0. -119.7393j 0.  -68.6925j 0.  -50.466j  0.+4836.9928j 0. -634.6592j 0.  -61.8904j 0.  -49.396j  0.  -40.0215j 0.  -30.4852j 0.  -11.4769j 0.  -48.3652j 0.  -20.6871j 0.  -13.0706j 0.   -2.0398j]\n",
      " [0. -117.3136j 0.  -67.0746j 0.  -33.7568j 0. -634.6592j 0.+4842.0276j 0.  -42.3924j 0.  -16.8711j 0.  -65.2938j 0.  -44.2292j 0.  -16.2777j 0. -142.9252j 0.  -48.3652j 0.  -19.5476j 0.   -3.9313j]\n",
      " [0. -217.2154j 0. -252.9689j 0. -936.926j  0.  -61.8904j 0.  -42.3924j 0.+2718.8042j 0.  -29.6652j 0.  -55.0866j 0.  -67.1388j 0.  -39.1386j 0.  -19.5476j 0.  -13.0706j 0.  -37.0927j 0.   -2.6565j]\n",
      " [0.  -24.6683j 0.  -17.2208j 0.  -28.5263j 0.  -49.396j  0.  -16.8711j 0.  -29.6652j 0.+3171.7692j 0.   -5.6837j 0.   -5.3948j 0.   -2.6369j 0.   -3.9313j 0.   -2.0398j 0.   -2.6565j 0.   -0.2728j]\n",
      " [0. -147.6189j 0. -140.9898j 0.  -50.4619j 0.  -40.0215j 0.  -65.2938j 0.  -55.0866j 0.   -5.6837j 0.+2627.4068j 0. -671.1644j 0. -161.5272j 0. -117.3136j 0. -119.7393j 0. -217.2154j 0.  -24.6683j]\n",
      " [0. -140.9898j 0. -160.3445j 0.  -64.5102j 0.  -30.4852j 0.  -44.2292j 0.  -67.1388j 0.   -5.3948j 0. -671.1644j 0.+2506.0912j 0. -196.5406j 0.  -67.0746j 0.  -68.6925j 0. -252.9689j 0.  -17.2208j]\n",
      " [0.  -50.4619j 0.  -64.5102j 0.  -42.6014j 0.  -11.4769j 0.  -16.2777j 0.  -39.1386j 0.   -2.6369j 0. -161.5272j 0. -196.5406j 0.+2746.6057j 0.  -33.7568j 0.  -50.466j  0. -936.926j  0.  -28.5263j]\n",
      " [0.  -65.2938j 0.  -44.2292j 0.  -16.2777j 0.  -48.3652j 0. -142.9252j 0.  -19.5476j 0.   -3.9313j 0. -117.3136j 0.  -67.0746j 0.  -33.7568j 0.+4842.0276j 0. -634.6592j 0.  -42.3924j 0.  -16.8711j]\n",
      " [0.  -40.0215j 0.  -30.4852j 0.  -11.4769j 0.  -20.6871j 0.  -48.3652j 0.  -13.0706j 0.   -2.0398j 0. -119.7393j 0.  -68.6925j 0.  -50.466j  0. -634.6592j 0.+4836.9928j 0.  -61.8904j 0.  -49.396j ]\n",
      " [0.  -55.0866j 0.  -67.1388j 0.  -39.1386j 0.  -13.0706j 0.  -19.5476j 0.  -37.0927j 0.   -2.6565j 0. -217.2154j 0. -252.9689j 0. -936.926j  0.  -42.3924j 0.  -61.8904j 0.+2718.8042j 0.  -29.6652j]\n",
      " [0.   -5.6837j 0.   -5.3948j 0.   -2.6369j 0.   -2.0398j 0.   -3.9313j 0.   -2.6565j 0.   -0.2728j 0.  -24.6683j 0.  -17.2208j 0.  -28.5263j 0.  -16.8711j 0.  -49.396j  0.  -29.6652j 0.+3171.7692j]]\n"
     ]
    }
   ],
   "source": [
    "def calc_Y(f,c_xy,r):\n",
    "    P = calc_potential_coefficient(c_xy,r)\n",
    "    B=linalg.inv(P)#矩阵求逆\n",
    "    Y= 1j*2*np.pi*f*B\n",
    "    return Y\n",
    "r=conductors_equivalent_radius\n",
    "c_xy=conductors_coordinater\n",
    "f=50\n",
    "Y=calc_Y(f,c_xy,r)\n",
    "print('Y矩阵(×e-12) : \\n {}'.format(Y*10**12))"
   ]
  },
  {
   "cell_type": "markdown",
   "metadata": {},
   "source": [
    " \n",
    "  ** 函数名: merge_potential_coefficient(P,m,k)**\n",
    " * parameters:    \n",
    "       1. P:      n×n 维数组，电位系数 ;  \n",
    "       2. m:      第 m 号导线（导线序号从0开始）；\n",
    "       3. k:      第 k 号导线，m＜k≤n,\n",
    " * Return:\n",
    "       1. P:      n-1×n-1 维数组，归并后的电位系数   \n",
    "   \n",
    " * 功能：         导线k并入导线m,计算修正后的电位系数P\n",
    " \n",
    "  导线k并入m公式推导：\n",
    " \n",
    " \\begin{equation} \n",
    " \\begin{bmatrix}\n",
    "  u_1\\\\\n",
    "  \\vdots\\\\\n",
    "  u_m\\\\\n",
    "  \\vdots\\\\\n",
    "  u_k\\\\\n",
    "  \\vdots\\\\\n",
    "  u_n\n",
    "  \\end{bmatrix} =\n",
    "  \\begin{bmatrix}\n",
    "  P_{11}&\\dots& P_{1m}&\\dots&P_{1k}&\\dots&P_{1n}\\\\\n",
    "  \\vdots& &\\vdots& &\\vdots& &\\vdots\\\\\n",
    "  P_{m1}&\\dots& P_{mm}&\\dots&P_{mk}&\\dots&P_{mn}\\\\\n",
    "   \\vdots& &\\vdots& &\\vdots& &\\vdots\\\\\n",
    "    P_{k1}&\\dots& P_{km}&\\dots&P_{kk}&\\dots&P_{kn}\\\\\n",
    "   \\vdots& &\\vdots& &\\vdots& &\\vdots\\\\ \n",
    "    P_{n1}&\\dots& P_{nm}&\\dots&P_{nk}&\\dots&P_{nn}\\\\\n",
    "   \\end{bmatrix}\n",
    "   \\begin{bmatrix}\n",
    "   q_1\\\\\n",
    "   \\vdots\\\\\n",
    "  q_m\\\\\n",
    "  \\vdots\\\\\n",
    "  q_k\\\\\n",
    "  \\vdots\\\\\n",
    "  q_n\n",
    " \\end{bmatrix}\n",
    " \\end{equation}\n",
    "\n",
    "令 $q_{m}=q_{m}+q_{k}$ 有： \n",
    "\n",
    "\\begin{equation} \n",
    " \\begin{bmatrix}\n",
    "  u_1\\\\\n",
    "  \\vdots\\\\\n",
    "  u_m\\\\\n",
    "  \\vdots\\\\\n",
    "  u_k\\\\\n",
    "  \\vdots\\\\\n",
    "  u_n\n",
    "  \\end{bmatrix} =\n",
    "  \\begin{bmatrix}\n",
    "  P_{11}&\\dots& P_{1m}&\\dots&(P_{1k}-P_{1m})&\\dots&P_{1n}\\\\\n",
    "  \\vdots& &\\vdots& &\\vdots& &\\vdots\\\\\n",
    "  P_{m1}&\\dots& P_{mm}&\\dots&(P_{mk}-P_{mm})&\\dots&P_{mn}\\\\\n",
    "  \\vdots& &\\vdots& &\\vdots& &\\vdots\\\\\n",
    "   P_{k1}&\\dots& P_{km}&\\dots&(P_{kk}-P_{km})&\\dots&P_{kn}\\\\\n",
    "  \\vdots& &\\vdots& &\\vdots& &\\vdots\\\\ \n",
    "   P_{n1}&\\dots& P_{nm}&\\dots&(P_{nk}-P_{nm})&\\dots&P_{nn}\\\\\n",
    "  \\end{bmatrix}\n",
    "  \\begin{bmatrix}\n",
    "   q_1\\\\\n",
    "   \\vdots\\\\\n",
    "  q_m+q_k\\\\\n",
    "  \\vdots\\\\\n",
    "  q_k\\\\\n",
    "  \\vdots\\\\\n",
    "  q_n\n",
    " \\end{bmatrix}\n",
    "\\end{equation}   \n",
    "\n",
    "P矩阵第k列参数发生变化，修正公式为：$$P_{ik}=P_{ik}-P_{im}$ ( i=0,1,...,n), q_m=q_m+q_k$$.\n",
    "\n",
    "方程中，$u_{k}-u_{m}=0$,得方程\n",
    "\n",
    " \\begin{equation*} \n",
    " \\begin{bmatrix}\n",
    "  u_1\\\\\n",
    "  \\vdots\\\\\n",
    "  u_m\\\\\n",
    "  \\vdots\\\\\n",
    "  0\\\\\n",
    "  \\vdots\\\\\n",
    "  u_n\n",
    "  \\end{bmatrix} =\n",
    "  \\begin{bmatrix}\n",
    "  P_{11}&\\dots& P_{1m}&\\dots&P_{1k}&\\dots&P_{1n}\\\\\n",
    "  \\vdots& &\\vdots& &\\vdots& &\\vdots\\\\\n",
    "  P_{m1}&\\dots& P_{mm}&\\dots&P_{mk}&\\dots&P_{mn}\\\\\n",
    "   \\vdots& &\\vdots& &\\vdots& &\\vdots\\\\\n",
    "    P_{k1}- P_{m1}&\\dots& P_{km}-P_{mm}&\\dots&P_{kk}-P_{mk}&\\dots&P_{kn}-P_{mn}\\\\\n",
    "   \\vdots& &\\vdots& &\\vdots& &\\vdots\\\\ \n",
    "    P_{n1}&\\dots& P_{nm}&\\dots&P_{nk}&\\dots&P_{nn}\\\\\n",
    "   \\end{bmatrix}\n",
    "   \\begin{bmatrix}\n",
    "   q_1\\\\\n",
    "   \\vdots\\\\\n",
    "  q_m\\\\\n",
    "  \\vdots\\\\\n",
    "  q_k\\\\\n",
    "  \\vdots\\\\\n",
    "  q_n\n",
    " \\end{bmatrix}\n",
    "\\end{equation*}\n",
    "\n",
    "第k行等式有:\n",
    "$$ 0= (P_{k1}- P_{m1})q_1+\\dots+（P_{km}-P_{mm})q_m+\\dots+(P_{kk}-P_{mk})q_k+\\dots+(P_{kn}-P_{mn})q_n$$\n",
    "\n",
    "可以求得：\n",
    "$$q_k=-\\frac{(P_{k1}- P_{m1})}{(P_{kk}-P_{mk})}q_1-\\dots-\\frac{(P_{km}- P_{mm})}{(P_{kk}-P_{mk})}q_m\\dots-\\frac{(P_{kn}- P_{mn})}{(P_{kk}-P_{mk})}q_n$$\n",
    "\n",
    "令$K_j=\\frac{P_{kj}- P_{mj}}{P_{kk}-P_{mk}}$ (j≠k)，有\n",
    "$$q_k=-K_1q_1-\\dots-K_m q_m-\\dots-K_n q_n$$\n",
    "\n",
    "导线电压$u_i$写成方程有：\n",
    "$$u_i=P_{i1}q_1+\\dots+P_{im}q_m+\\dots+P_{ik}q_k+\\dots+P_{in}q_n$$\n",
    "\n",
    "把$q_k$代入方程中，得到\n",
    "$$u_i=（P_{i1}-P_{ik}K_1)q_1+\\dots+(P_{im}-P_{ik}K_m)q_m+\\dots+(P_{in}-P_{ik}K_n)q_n$$\n",
    "\n",
    "取(i,j=0,1,...,n; i≠k;j≠k),可以得到合并矩阵元素$P_{ij}$.\n",
    " $$P_{ij}=P_{ij}-P_{ik}K_j=P_{ij}-P_{ik}\\frac{P_{kj}- P_{mj}}{P_{kk}-P_{mk}}$$\n",
    "\n",
    "总之，导线k合并到导线m，P参数的修正步骤归纳如下：\n",
    "\n",
    "（1）$P_{ik}=P_{ik}-P_{im}$ ( i=0,1,...,n)\n",
    "\n",
    "（2）$P_{ij}=P_{ij}-P_{ik}K_j=P_{ij}-P_{ik}\\frac{P_{kj}- P_{mj}}{P_{kk}-P_{mk}}$ （i,j=0,1,...,n; i≠k;j≠k）\n",
    "\n",
    "（3）除P中的第k行第k列，P降n-1阶，为合并后n-1根导线的电位系数矩阵。"
   ]
  },
  {
   "cell_type": "code",
   "execution_count": 38,
   "metadata": {},
   "outputs": [
    {
     "name": "stdout",
     "output_type": "stream",
     "text": [
      "P矩阵 e+10 : \n",
      " [[ 8.807  1.426  0.715  1.729  0.802  0.402]\n",
      " [ 1.426 11.927  0.935  1.056  0.611  0.252]\n",
      " [ 0.715  0.935  2.095  0.291  0.142  0.099]\n",
      " [ 1.729  1.056  0.291  8.863  1.472  0.725]\n",
      " [ 0.802  0.611  0.142  1.472 11.97   0.947]\n",
      " [ 0.402  0.252  0.099  0.725  0.947  2.068]]\n"
     ]
    }
   ],
   "source": [
    "def merge_potential_coefficient(P,m,k):\n",
    "    n=np.shape(P)[0]\n",
    "    for i in range(n):\n",
    "        P[i,k]=P[i,k]-P[i,m]\n",
    "         \n",
    "    for i in range(n):\n",
    "        for j in range(n):\n",
    "            if i!=k or j!=k:\n",
    "                P[i,j]=P[i,j]-(P[k,j]-P[m,j])/(P[k,k]-P[m,k])*P[i,k]\n",
    "                        \n",
    "          \n",
    "    E=np.empty((n-1,n-1),np.float64)\n",
    "    for i in range(n):\n",
    "        for j in range(n):\n",
    "            if i<k:\n",
    "                if j<k:\n",
    "                    E[i,j]=P[i,j]\n",
    "                if j>k:\n",
    "                    E[i,j-1]=P[i,j]\n",
    "            if i>k:\n",
    "                if j<k:\n",
    "                    E[i-1,j]=P[i,j]\n",
    "                if j>k:\n",
    "                    E[i-1,j-1]=P[i,j]\n",
    "    \n",
    "    return E\n",
    "\n",
    "#测试\n",
    "P=calc_potential_coefficient(conductors_coordinater,conductors_calc_radius)\n",
    "P=merge_potential_coefficient(P,0,1) \n",
    "P=merge_potential_coefficient(P,2,3)\n",
    "P=merge_potential_coefficient(P,2,3)\n",
    "P=merge_potential_coefficient(P,2,3)\n",
    "P=merge_potential_coefficient(P,3,4)\n",
    "P=merge_potential_coefficient(P,5,6)\n",
    "P=merge_potential_coefficient(P,5,6)\n",
    "P=merge_potential_coefficient(P,5,6)\n",
    "np.set_printoptions(precision=3,linewidth=214,suppress=True)\n",
    "print('P矩阵 e+10 : \\n {}'.format(P*10**-10))"
   ]
  },
  {
   "cell_type": "markdown",
   "metadata": {},
   "source": [
    " \n",
    "   \n",
    "   AT牵引网络由14根导线逐步合并成6根导线：\n",
    "   \n",
    "  （1） 1. 接触线（CW1）+ 2.承力索（MW1）\n",
    "  \n",
    "  （2） 3.正馈线（PF1）\n",
    "  \n",
    "  （3） 4.钢轨1（RA1）+5.钢轨2（RA2）+6.保护线（PW1）+7.综合地线（E1）\n",
    "  \n",
    "  （4） 8. 接触线（CW2）+ 9.承力索（MW2）\n",
    "  \n",
    "  （5） 10.正馈线（PF2）\n",
    "  \n",
    "  （6） 11.钢轨3（RA3）+12.钢轨4（RA4）+13.保护线（PW2）+14.综合地线（E2）\n",
    "  \n",
    "   \n",
    "##  电容系数矩阵计算\n",
    "  函数名： calc_B(P)\n",
    "  "
   ]
  },
  {
   "cell_type": "code",
   "execution_count": 39,
   "metadata": {
    "scrolled": true
   },
   "outputs": [
    {
     "name": "stdout",
     "output_type": "stream",
     "text": [
      "B矩阵(×e-12) : \n",
      " [[12.273 -0.979 -3.388 -2.002 -0.389 -1.226]\n",
      " [-0.979  8.855 -3.489 -0.68  -0.232 -0.375]\n",
      " [-3.388 -3.489 50.569 -0.482 -0.043 -1.149]\n",
      " [-2.002 -0.68  -0.482 12.218 -1.067 -3.298]\n",
      " [-0.389 -0.232 -0.043 -1.067  8.805 -3.553]\n",
      " [-1.226 -0.375 -1.149 -3.298 -3.553 51.488]]\n"
     ]
    }
   ],
   "source": [
    "def calc_B():\n",
    "    \"\"\" 计算电容系数矩阵\n",
    "    \"\"\"\n",
    "    P=calc_potential_coefficient(conductors_coordinater,conductors_calc_radius)\n",
    "    P=merge_potential_coefficient(P,0,1) \n",
    "    P=merge_potential_coefficient(P,2,3)\n",
    "    P=merge_potential_coefficient(P,2,3)\n",
    "    P=merge_potential_coefficient(P,2,3)\n",
    "    P=merge_potential_coefficient(P,3,4)\n",
    "    P=merge_potential_coefficient(P,5,6)\n",
    "    P=merge_potential_coefficient(P,5,6)\n",
    "    P=merge_potential_coefficient(P,5,6)\n",
    "    B=linalg.inv(P)\n",
    "    return B\n",
    "B=calc_B()\n",
    "np.set_printoptions(precision=3,linewidth=214,suppress=True)              \n",
    "          \n",
    "print('B矩阵(×e-12) : \\n {}'.format(B*10**12))"
   ]
  },
  {
   "cell_type": "markdown",
   "metadata": {},
   "source": [
    "##  理想导体时电感L矩阵计算  \n",
    "\n",
    "**函数名：calc_L(c_xy,r)**  \n",
    "* Parameters:\n",
    "    1. c_xy:      2×n维数组，多导线的坐标（x,y）,单位（m）;  \n",
    "    2. r:         1×n维数组，导线的半径,单位(m)  \n",
    "    \n",
    "* Return:\n",
    "    1. L:        n×n维数组，多导体和大地为理想导体时的自感$L_{ii}$和互感$L_{ij}$  \n",
    "    \n",
    "功能：    计算理想导体时的自感$L_{ii}$和互感$L_{ij}$  \n",
    "\n",
    "**计算公式：**\n",
    "\n",
    "导线回路电感 $$L_{ii}=\\frac{\\mu_0}{2\\pi}ln\\frac{2h_i}{r_i}=2×10^{-4}ln\\frac{2h_i}{r_i}$$\n",
    "导线回路互感 $$L_{ij}=\\frac{\\mu_0}{2\\pi}ln\\frac{D_{ij}}{d_{ij}}=2×10^{-4}ln\\frac{D_{ij}}{d_{ij}}$$\n"
   ]
  },
  {
   "cell_type": "code",
   "execution_count": 40,
   "metadata": {
    "scrolled": true
   },
   "outputs": [
    {
     "name": "stdout",
     "output_type": "stream",
     "text": [
      "L矩阵(×e-3) : \n",
      " [[1.5333 0.4885 0.2288 0.0631 0.0631 0.2619 0.0213 0.1995 0.2098 0.1193 0.0436 0.0345 0.1287 0.0098]\n",
      " [0.4885 1.534  0.2605 0.0531 0.0531 0.2953 0.0198 0.2098 0.2303 0.1349 0.0404 0.0335 0.1443 0.0104]\n",
      " [0.2288 0.2605 1.4979 0.0398 0.0344 0.5726 0.0236 0.1193 0.1349 0.0923 0.0231 0.0193 0.0958 0.0065]\n",
      " [0.0631 0.0531 0.0398 0.5817 0.1013 0.0445 0.0138 0.0345 0.0335 0.0193 0.0148 0.009  0.0211 0.0019]\n",
      " [0.0631 0.0531 0.0344 0.1013 0.5817 0.0386 0.0072 0.0436 0.0404 0.0231 0.0284 0.0148 0.0254 0.0026]\n",
      " [0.2619 0.2953 0.5726 0.0445 0.0386 1.5304 0.0248 0.1287 0.1443 0.0958 0.0254 0.0211 0.1001 0.0069]\n",
      " [0.0213 0.0198 0.0236 0.0138 0.0072 0.0248 1.0461 0.0098 0.0104 0.0065 0.0026 0.0019 0.0069 0.0005]\n",
      " [0.1995 0.2098 0.1193 0.0345 0.0436 0.1287 0.0098 1.5333 0.4885 0.2288 0.0631 0.0631 0.2619 0.0213]\n",
      " [0.2098 0.2303 0.1349 0.0335 0.0404 0.1443 0.0104 0.4885 1.534  0.2605 0.0531 0.0531 0.2953 0.0198]\n",
      " [0.1193 0.1349 0.0923 0.0193 0.0231 0.0958 0.0065 0.2288 0.2605 1.4979 0.0344 0.0398 0.5726 0.0236]\n",
      " [0.0436 0.0404 0.0231 0.0148 0.0284 0.0254 0.0026 0.0631 0.0531 0.0344 0.5817 0.1013 0.0386 0.0072]\n",
      " [0.0345 0.0335 0.0193 0.009  0.0148 0.0211 0.0019 0.0631 0.0531 0.0398 0.1013 0.5817 0.0445 0.0138]\n",
      " [0.1287 0.1443 0.0958 0.0211 0.0254 0.1001 0.0069 0.2619 0.2953 0.5726 0.0386 0.0445 1.5304 0.0248]\n",
      " [0.0098 0.0104 0.0065 0.0019 0.0026 0.0069 0.0005 0.0213 0.0198 0.0236 0.0072 0.0138 0.0248 1.0461]]\n"
     ]
    }
   ],
   "source": [
    "def calc_L(c_xy,r):\n",
    "    n=np.shape(c_xy)[0]\n",
    "    L=np.empty((n,n),np.float64)\n",
    "    for i in range(n):           #计算导线外自感和互电感\n",
    "        for j in range(n):\n",
    "            if i==j:\n",
    "                L[i,i]=2*10**-4*np.log(2*c_xy[i,1]/r[i])\n",
    "            else:\n",
    "                Dij=np.sqrt((c_xy[i,0]-c_xy[j,0])**2+(c_xy[i,1]+c_xy[j,1])**2) \n",
    "                dij=np.sqrt((c_xy[i,0]-c_xy[j,0])**2+(c_xy[i,1]-c_xy[j,1])**2)\n",
    "                L[i,j]=2*10**-4*np.log(Dij/dij) \n",
    "    return L\n",
    "\n",
    "# 函数测试\n",
    "f=50\n",
    "c_xy=conductors_coordinater\n",
    "r= conductors_calc_radius\n",
    "L=calc_L(c_xy,r)\n",
    "np.set_printoptions(precision=4,linewidth=214,suppress=True) \n",
    "print('L矩阵(×e-3) : \\n {}'.format(L*10**3))\n"
   ]
  },
  {
   "cell_type": "markdown",
   "metadata": {},
   "source": [
    "## 计算导线内电阻和内电感\n",
    "**函数名： calc_Zc(f,r,rho)**\n",
    "* Parameters:\n",
    "    1. f:       频率（Hz）\n",
    "    2. r:      导线半径（m） \n",
    "    3. rhoi     导线电阻率（Ω/m）\n",
    "* Return:\n",
    "    1. Rc:      导线交流电阻（Ω/m）\n",
    "    2. Xc:      导线交流内电感（H/m）  \n",
    "    \n",
    " 功能：计算导线的交流电阻Rc和内电感Lc\n",
    " \n",
    " 实心圆柱体单位长度交流内阻抗为  \n",
    " $$ Z_c=\\frac{jmρJ_0(nr)}{2\\pi J_1(nr)}=\\frac{jmρ}{2\\pi r}\\frac{ber(mr)+jbei(mr)}{ber'(mr)+jbei'(mr)}$$\n",
    " 式中$n=jm\\sqrt j  ,m=\\sqrt\\frac{ωμ}{ρ}$  \n",
    " \n",
    " 导线内阻一般用上述基于贝塞尔函数的公式计算，如果导线是钢轨，由于是铁磁材质，需要通过用有限元软件计算给出。"
   ]
  },
  {
   "cell_type": "code",
   "execution_count": 41,
   "metadata": {},
   "outputs": [
    {
     "name": "stdout",
     "output_type": "stream",
     "text": [
      "[0.1443+0.0157j 0.0021+0.002j  0.0014+0.0013j 0.0007+0.0007j 0.0007+0.0007j 0.0005+0.0005j 0.0025+0.0024j 0.1443+0.0157j 0.0021+0.002j  0.0014+0.0013j 0.0007+0.0007j 0.0007+0.0007j 0.0005+0.0005j 0.0025+0.0024j]\n",
      "[(0.00014426356595326851+1.5676785820711064e-05j), (2.096155821906344e-06+2.0273551405362474e-06j), (1.379694276050824e-06+1.3497238471066162e-06j), (6.613914951145886e-07+6.544657058601527e-07j), (6.613914951145886e-07+6.544657058601527e-07j), (5.379965203201275e-07+5.334094911522984e-07j), (2.5162011010730395e-06+2.41737857917188e-06j), (0.00014426356595326851+1.5676785820711064e-05j), (2.096155821906344e-06+2.0273551405362474e-06j), (1.379694276050824e-06+1.3497238471066162e-06j), (6.613914951145886e-07+6.544657058601527e-07j), (6.613914951145886e-07+6.544657058601527e-07j), (5.379965203201275e-07+5.334094911522984e-07j), (2.5162011010730395e-06+2.41737857917188e-06j)]\n"
     ]
    }
   ],
   "source": [
    "def calc_Zc(f,r,mu,rho):\n",
    "    #n=np.shape(rho)[0]\n",
    "    #m=np.empty(n,np.float64)\n",
    "    #Zc=np.empty(n,np.complex128)\n",
    "    #for i in range(n):\n",
    "    m=np.sqrt(2*np.pi*f*mu/rho)\n",
    "    A=1j*m*rho/(2*np.pi*r)\n",
    "    B=special.ber(m*r)+1j*special.bei(m*r)\n",
    "    C=special.berp(m*r)+1j*special.beip(m*r)\n",
    "    Zc=A*B/C\n",
    "    #print(m) \n",
    "    return Zc\n",
    "\n",
    "#测试\n",
    "f=50\n",
    "r=conductors_equivalent_radius          # 单位 m\n",
    "mu=4*np.pi*10**-7     #\n",
    "rho=conductors_rho\n",
    "Zc=calc_Zc(f,r,mu,rho)\n",
    "print(Zc*10**3)\n",
    "print(Zc.tolist())"
   ]
  },
  {
   "cell_type": "markdown",
   "metadata": {},
   "source": [
    "## 计算大地与导线回路电阻和电感\n",
    "**函数名：calc_Zgm(f,c_xy，rou)**  \n",
    "*  Parameters:\n",
    "    1. f:       频率（Hz）\n",
    "    2. c_xy:    2×n维数组，多导线的坐标（x,y）,单位（m）; \n",
    "    3. rou:     大地电阻率（Ω/m）\n",
    "* Return:\n",
    "    1. Rgm:      n×n维数组,大地与导线回路电阻（Ω/km）\n",
    "    2. Xgm:      n×n维数组,大地与导线回路感抗（Ω/km）  \n",
    "    \n",
    " 功能：计算导线与大地的互阻抗,需要调用函数calc_Rg()，calc_Xg()\n",
    "\n"
   ]
  },
  {
   "cell_type": "code",
   "execution_count": 43,
   "metadata": {
    "scrolled": true
   },
   "outputs": [
    {
     "name": "stdout",
     "output_type": "stream",
     "text": [
      "Rgm 矩阵 : \n",
      " [[0.0493 0.0493 0.0493 0.0493 0.0493 0.0493 0.0493 0.0493 0.0493 0.0493 0.0493 0.0493 0.0493 0.0493]\n",
      " [0.0493 0.0493 0.0493 0.0493 0.0493 0.0493 0.0493 0.0493 0.0493 0.0493 0.0493 0.0493 0.0493 0.0493]\n",
      " [0.0493 0.0493 0.0493 0.0493 0.0493 0.0493 0.0493 0.0493 0.0493 0.0493 0.0493 0.0493 0.0493 0.0493]\n",
      " [0.0493 0.0493 0.0493 0.0493 0.0493 0.0493 0.0493 0.0493 0.0493 0.0493 0.0493 0.0493 0.0493 0.0493]\n",
      " [0.0493 0.0493 0.0493 0.0493 0.0493 0.0493 0.0493 0.0493 0.0493 0.0493 0.0493 0.0493 0.0493 0.0493]\n",
      " [0.0493 0.0493 0.0493 0.0493 0.0493 0.0493 0.0493 0.0493 0.0493 0.0493 0.0493 0.0493 0.0493 0.0493]\n",
      " [0.0493 0.0493 0.0493 0.0493 0.0493 0.0493 0.0493 0.0493 0.0493 0.0493 0.0493 0.0493 0.0493 0.0493]\n",
      " [0.0493 0.0493 0.0493 0.0493 0.0493 0.0493 0.0493 0.0493 0.0493 0.0493 0.0493 0.0493 0.0493 0.0493]\n",
      " [0.0493 0.0493 0.0493 0.0493 0.0493 0.0493 0.0493 0.0493 0.0493 0.0493 0.0493 0.0493 0.0493 0.0493]\n",
      " [0.0493 0.0493 0.0493 0.0493 0.0493 0.0493 0.0493 0.0493 0.0493 0.0493 0.0493 0.0493 0.0493 0.0493]\n",
      " [0.0493 0.0493 0.0493 0.0493 0.0493 0.0493 0.0493 0.0493 0.0493 0.0493 0.0493 0.0493 0.0493 0.0493]\n",
      " [0.0493 0.0493 0.0493 0.0493 0.0493 0.0493 0.0493 0.0493 0.0493 0.0493 0.0493 0.0493 0.0493 0.0493]\n",
      " [0.0493 0.0493 0.0493 0.0493 0.0493 0.0493 0.0493 0.0493 0.0493 0.0493 0.0493 0.0493 0.0493 0.0493]\n",
      " [0.0493 0.0493 0.0493 0.0493 0.0493 0.0493 0.0493 0.0493 0.0493 0.0493 0.0493 0.0493 0.0493 0.0493]]\n",
      "Xgm 矩阵 : \n",
      " [[0.5597 0.554  0.547  0.5937 0.5937 0.5499 0.5875 0.5551 0.5502 0.539  0.5849 0.5789 0.5421 0.5649]\n",
      " [0.554  0.5488 0.5424 0.5842 0.5842 0.5451 0.58   0.5502 0.5455 0.5354 0.5775 0.5726 0.5383 0.561 ]\n",
      " [0.547  0.5424 0.5409 0.5732 0.5694 0.5427 0.5809 0.539  0.5354 0.525  0.5585 0.5535 0.5276 0.5429]\n",
      " [0.5937 0.5842 0.5732 0.6754 0.6612 0.5779 0.6328 0.5789 0.5726 0.5535 0.6132 0.5984 0.5579 0.5726]\n",
      " [0.5937 0.5842 0.5694 0.6612 0.6754 0.5743 0.6133 0.5849 0.5775 0.5585 0.6315 0.6132 0.5631 0.5825]\n",
      " [0.5499 0.5451 0.5427 0.5779 0.5743 0.5447 0.5842 0.5421 0.5383 0.5276 0.5631 0.5579 0.5303 0.5466]\n",
      " [0.5875 0.58   0.5809 0.6328 0.6133 0.5842 0.7189 0.5649 0.561  0.5429 0.5825 0.5726 0.5466 0.5539]\n",
      " [0.5551 0.5502 0.539  0.5789 0.5849 0.5421 0.5649 0.5597 0.554  0.547  0.5937 0.5937 0.5499 0.5875]\n",
      " [0.5502 0.5455 0.5354 0.5726 0.5775 0.5383 0.561  0.554  0.5488 0.5424 0.5842 0.5842 0.5451 0.58  ]\n",
      " [0.539  0.5354 0.525  0.5535 0.5585 0.5276 0.5429 0.547  0.5424 0.5409 0.5694 0.5732 0.5427 0.5809]\n",
      " [0.5849 0.5775 0.5585 0.6132 0.6315 0.5631 0.5825 0.5937 0.5842 0.5694 0.6754 0.6612 0.5743 0.6133]\n",
      " [0.5789 0.5726 0.5535 0.5984 0.6132 0.5579 0.5726 0.5937 0.5842 0.5732 0.6612 0.6754 0.5779 0.6328]\n",
      " [0.5421 0.5383 0.5276 0.5579 0.5631 0.5303 0.5466 0.5499 0.5451 0.5427 0.5743 0.5779 0.5447 0.5842]\n",
      " [0.5649 0.561  0.5429 0.5726 0.5825 0.5466 0.5539 0.5875 0.58   0.5809 0.6133 0.6328 0.5842 0.7189]]\n"
     ]
    }
   ],
   "source": [
    "def calc_Zgm(f,c_xy,rou):\n",
    "    n=np.shape(c_xy)[0]\n",
    "    Rgm=np.empty((n,n),np.float64)\n",
    "    Xgm=np.empty((n,n),np.float64)\n",
    "    for i in range(n):          \n",
    "        for j in range(n):\n",
    "            Dij=np.sqrt((c_xy[i,0]-c_xy[j,0])**2+(c_xy[i,1]+c_xy[j,1])**2)\n",
    "            xij=np.abs(c_xy[i,0]-c_xy[j,0])\n",
    "            theta=np.arcsin(xij/Dij)\n",
    "            k=4*np.pi*np.sqrt(5)*10**-4*Dij*np.sqrt(f/rou) \n",
    "            Rgm[i,j]=calc_Rg(f,k,theta)\n",
    "            Xgm[i,j]=calc_Xg(f,k,theta)\n",
    "                \n",
    "    return Rgm,Xgm\n",
    "\n",
    "\n",
    "\n",
    "def calc_Rg(f,k,theta):\n",
    "       \n",
    "    b1=np.sqrt(2)/6\n",
    "    b2=1/16\n",
    "    b3=b1/(3*5)\n",
    "    b4=b2/(4*6)\n",
    "    b5=-b3/(5*7)\n",
    "    b6=-b4/(6*8)\n",
    "    b7=-b5/(7*9)\n",
    "    b8=-b6/(8*10)\n",
    "    \n",
    "    c2=1.3659315\n",
    "    c4=c2+1/4+1/6\n",
    "    c6=c4+1/6+1/8\n",
    "    \n",
    "    d4=np.pi/4*b4\n",
    "    d6=np.pi/4*b6\n",
    "    d8=np.pi/4*b8\n",
    "    \n",
    "    if k<5.1:\n",
    "        Rg=np.pi/8\n",
    "        -b1*k*np.cos(theta)\n",
    "        +b1*k*np.cos(theta)\n",
    "        +b2*((c2-np.log(k))*k**2*np.cos(2*theta)+theta*k**2*np.sin(2*theta))\n",
    "        +b3*k**3*np.cos(3*theta)\n",
    "        -d4*k**4*np.cos(4*theta)\n",
    "        -b5*k**5*np.cos(5*theta)\n",
    "        +b6*((c6-np.log(k))*k**2*np.cos(6*theta)+theta*k**6*np.sin(6*theta))\n",
    "        +b7*np.cos(7*theta)\n",
    "        -d8*k**8*np.cos(8*theta)\n",
    "    else:\n",
    "        Rg=np.cos(theta)/k\n",
    "        -np.sqrt(2)*np.cos(2*theta)/k**2\n",
    "        +np.cos(3*theta)/k**3\n",
    "        +3*np.cos(5*theta)/k**5\n",
    "        -45*np.cos(7*theta)\n",
    "        Rg=Rg/sqrt(2)\n",
    "      \n",
    "    Rg=4*2*np.pi*f*10**-4*Rg\n",
    "    return Rg\n",
    "    \n",
    "def calc_Xg(f,k,theta):\n",
    "                \n",
    "    b1=np.sqrt(2)/6\n",
    "    b2=1/16\n",
    "    b3=b1/(3*5)\n",
    "    b4=b2/(4*6)\n",
    "    b5=-b3/(5*7)\n",
    "    b6=-b4/(6*8)\n",
    "    b7=-b5/(7*9)\n",
    "    b8=-b6/(8*10)\n",
    "    \n",
    "    c2=1.3659315\n",
    "    c4=c2+1/4+1/6\n",
    "    c6=c4+1/6+1/8\n",
    "    c8=c4+1/8+1/10\n",
    "    \n",
    "    d2=np.pi/4*b2\n",
    "    d4=np.pi/4*b4\n",
    "    d6=np.pi/4*b6\n",
    "    d8=np.pi/4*b8\n",
    "    \n",
    "    if k<5.1:\n",
    "        Xg=0.5*(0.6159315-np.log(k))\n",
    "        +b1*k*np.cos(theta)\n",
    "        -d2*k*k*np.cos(2*theta)\n",
    "        +b3*k**3*np.cos(3*theta)\n",
    "        -b4*((c4-np.log(k))*k**4*np.cos(4*theta)+theta*k**4*np.sin(4*theta))\n",
    "        +b5*k**5*np.cos(5*theta)\n",
    "        -d6*k**6*np.cos(6*theta)\n",
    "        +b7*k**7*np.cos(7*theta)\n",
    "        -b8*((c8-np.log(k))*k**8*np.cos(8*theta)+theta*k**8*np.sin(8*theta))\n",
    "    else:\n",
    "        Xg=np.cos(theta)/k\n",
    "        -np.cos(3*theta)/k**3\n",
    "        +3*np.cos(5*theta)-45*np.cos(7*theta)\n",
    "        Xg=Xg/sqrt(2)\n",
    "    \n",
    "    Xg=4*2*np.pi*f*10**-4*Xg\n",
    "    return Xg\n",
    "\n",
    "# 测试\n",
    "f=50\n",
    "rou=10**6\n",
    "c_xy=conductors_coordinater\n",
    "Rgm,Xgm=calc_Zgm(f,c_xy,rou)\n",
    "np.set_printoptions(precision=4,linewidth=214,suppress=True)\n",
    "print('Rgm 矩阵 : \\n {}'.format(Rgm))\n",
    "print('Xgm 矩阵 : \\n {}'.format(Xgm))\n"
   ]
  },
  {
   "cell_type": "code",
   "execution_count": 45,
   "metadata": {},
   "outputs": [
    {
     "name": "stdout",
     "output_type": "stream",
     "text": [
      "0.0015833626974092558\n",
      "0.001734159144781566\n",
      "0.0019402736669736887\n",
      "0.0009222382683734463\n",
      "0.0009222382683734463\n",
      "0.0018530603776528735\n",
      "0.0010177984466181597\n",
      "0.0017034733950345947\n",
      "0.001844476108675064\n",
      "0.0022032399389607547\n",
      "0.001061170475715786\n",
      "0.001168132022016855\n",
      "0.0020969277891175297\n",
      "0.0014579156367288898\n",
      "0.001734159144781566\n",
      "0.0018849555921538759\n",
      "0.0020852603742972592\n",
      "0.00107234683883709\n",
      "0.00107234683883709\n",
      "0.001999632978483736\n",
      "0.0011473309708186624\n",
      "0.001844476108675064\n",
      "0.0019869176531592202\n",
      "0.0023319337800406367\n",
      "0.0011939376439506018\n",
      "0.0012899367193675174\n",
      "0.002227511041091842\n",
      "0.0015511198156428663\n",
      "0.0019402736669736887\n",
      "0.0020852603742972592\n",
      "0.0021362830044410596\n",
      "0.001278661555227996\n",
      "0.0013582382184538755\n",
      "0.0020758868350710356\n",
      "0.0011309733552923257\n",
      "0.0022032399389607547\n",
      "0.0023319337800406367\n",
      "0.0027515473854711737\n",
      "0.001614111172606516\n",
      "0.0017474667965698752\n",
      "0.002639685721287496\n",
      "0.0020703643809268733\n",
      "0.0009222382683734463\n",
      "0.00107234683883709\n",
      "0.001278661555227996\n",
      "0.0002513274122871835\n",
      "0.000314914852236045\n",
      "0.0011861350892715488\n",
      "0.00049531310617093\n",
      "0.001168132022016855\n",
      "0.0012899367193675174\n",
      "0.0017474667965698752\n",
      "0.0006767197678585621\n",
      "0.0008558067436826747\n",
      "0.0016312873453780408\n",
      "0.0012899612030758136\n",
      "0.0009222382683734463\n",
      "0.00107234683883709\n",
      "0.0013582382184538755\n",
      "0.000314914852236045\n",
      "0.0002513274122871835\n",
      "0.0012564235720803132\n",
      "0.0006746634408320756\n",
      "0.001061170475715786\n",
      "0.0011939376439506018\n",
      "0.001614111172606516\n",
      "0.0005054759122570585\n",
      "0.0006767197678585621\n",
      "0.0015003216383103948\n",
      "0.0011025944757070937\n",
      "0.0018530603776528735\n",
      "0.001999632978483736\n",
      "0.0020758868350710356\n",
      "0.0011861350892715488\n",
      "0.0012564235720803132\n",
      "0.002010619298297468\n",
      "0.0010728619406394494\n",
      "0.0020969277891175297\n",
      "0.002227511041091842\n",
      "0.002639685721287496\n",
      "0.0015003216383103948\n",
      "0.0016312873453780408\n",
      "0.0025284337114465203\n",
      "0.0019518369037449038\n",
      "0.0010177984466181597\n",
      "0.0011473309708186624\n",
      "0.0011309733552923257\n",
      "0.00049531310617093\n",
      "0.0006746634408320756\n",
      "0.0010728619406394494\n",
      "0.00012566370614359174\n",
      "0.0014579156367288898\n",
      "0.0015511198156428663\n",
      "0.0020703643809268733\n",
      "0.0011025944757070937\n",
      "0.0012899612030758136\n",
      "0.0019518369037449038\n",
      "0.0017387062162629073\n",
      "0.0017034733950345947\n",
      "0.001844476108675064\n",
      "0.0022032399389607547\n",
      "0.001168132022016855\n",
      "0.001061170475715786\n",
      "0.0020969277891175297\n",
      "0.0014579156367288898\n",
      "0.0015833626974092558\n",
      "0.001734159144781566\n",
      "0.0019402736669736887\n",
      "0.0009222382683734463\n",
      "0.0009222382683734463\n",
      "0.0018530603776528735\n",
      "0.0010177984466181597\n",
      "0.001844476108675064\n",
      "0.0019869176531592202\n",
      "0.0023319337800406367\n",
      "0.0012899367193675174\n",
      "0.0011939376439506018\n",
      "0.002227511041091842\n",
      "0.0015511198156428663\n",
      "0.001734159144781566\n",
      "0.0018849555921538759\n",
      "0.0020852603742972592\n",
      "0.00107234683883709\n",
      "0.00107234683883709\n",
      "0.001999632978483736\n",
      "0.0011473309708186624\n",
      "0.0022032399389607547\n",
      "0.0023319337800406367\n",
      "0.0027515473854711737\n",
      "0.0017474667965698752\n",
      "0.001614111172606516\n",
      "0.002639685721287496\n",
      "0.0020703643809268733\n",
      "0.0019402736669736887\n",
      "0.0020852603742972592\n",
      "0.0021362830044410596\n",
      "0.0013582382184538755\n",
      "0.001278661555227996\n",
      "0.0020758868350710356\n",
      "0.0011309733552923257\n",
      "0.001061170475715786\n",
      "0.0011939376439506018\n",
      "0.001614111172606516\n",
      "0.0006767197678585621\n",
